function mpc = TNTS107
%% 
%220/500kV输电网测试系统-广西大学电气工程学院。
%此版本于2024年6月14日创建。
%这是一个107节点的合成网络测试系统，不代表真实网络。
%它是以中国某省的输电网为蓝本，基于各类公开机组及变电站信息，通过演化模型生成的测试系统。其网络特征与真实电网相似但不包含任何实际线路。
%其他数据格式位于同一文件夹中的excel表格中。
%% MATPOWER Case Format : Version 2
mpc.version = '2';
%%-----  Power Flow Data  -----%%
%% system MVA base
mpc.baseMVA = 100;
%% bus data
%	bus_i	type	Pd	Qd	Gs	Bs	area	Vm	Va	baseKV	zone	Vmax	Vmin
mpc.bus = [
1	1	157.1432947	31.42865894	0	0	1	1.008651035	12.24083876	220	1	1.06	0.94
2	1	528.6944396	105.7388879	0	0	1	1.009523813	12.53491295	500	1	1.06	0.94
3	1	227.2902799	45.45805598	0	0	1	1.013898763	12.96256298	500	1	1.06	0.94
4	1	356.581506	71.31630121	0	0	1	1.01407564	12.76231588	500	1	1.06	0.94
5	1	173.2583045	34.6516609	0	0	1	1.008980776	12.38657091	220	1	1.06	0.94
6	1	68.22340062	13.64468012	0	0	1	1.009127229	12.52806352	220	1	1.06	0.94
7	1	127.3088193	25.46176385	0	0	1	1.008502436	12.3067578	220	1	1.06	0.94
8	1	47.52570381	9.505140762	0	0	1	1.016051205	13.23811252	500	1	1.06	0.94
9	1	49.69055404	9.938110807	0	0	1	1.01235656	14.7731869	220	1	1.06	0.94
10	1	72.41576425	14.48315285	0	0	1	1.002540941	12.65601374	220	1	1.06	0.94
11	1	181.2966772	36.25933544	0	0	1	0.99945336	12.35499981	220	1	1.06	0.94
12	1	97.99758583	19.59951717	0	0	1	1.009304006	18.86375704	220	1	1.06	0.94
13	1	1337.747847	267.5495695	0	0	1	0.991602785	9.194442746	220	1	1.06	0.94
14	1	394.5287971	78.90575943	0	0	1	0.992607069	9.369176819	220	1	1.06	0.94
15	1	458.4232237	91.68464475	0	0	1	0.992414709	9.212593769	220	1	1.06	0.94
16	1	488.6224279	97.72448558	0	0	1	1.000680264	10.36378	500	1	1.06	0.94
17	1	81.16282631	16.23256526	0	0	1	1.002986091	10.22915454	220	1	1.06	0.94
18	1	37.34366621	7.468733243	0	0	1	1.002403813	13.58557858	220	1	1.06	0.94
19	1	83.19809042	16.63961808	0	0	1	1.004025649	12.03815167	500	1	1.06	0.94
20	1	30.11542954	6.023085909	0	0	1	1.009924367	18.24770166	220	1	1.06	0.94
21	1	59.76396797	11.95279359	0	0	1	1.010067764	18.07373451	220	1	1.06	0.94
22	1	47.99831197	9.599662393	0	0	1	1.011564218	21.41659219	220	1	1.06	0.94
23	1	188.0619239	37.61238479	0	0	1	0.990815056	15.82040341	220	1	1.06	0.94
24	1	187.7888107	37.55776214	0	0	1	0.987662439	15.35098499	220	1	1.06	0.94
25	1	77.41435767	15.48287153	0	0	1	1.004318462	15.34236524	220	1	1.06	0.94
26	1	41.73625402	8.347250805	0	0	1	0.99667831	17.10844412	220	1	1.06	0.94
27	1	71.63824763	14.32764953	0	0	1	0.999085453	17.1485506	220	1	1.06	0.94
28	1	157.4757021	31.49514042	0	0	1	1.01052197	24.8353137	220	1	1.06	0.94
29	1	74.32144227	14.86428845	0	0	1	1.005420285	21.73359214	220	1	1.06	0.94
30	1	49.81061174	9.962122347	0	0	1	1.011763808	16.73430703	220	1	1.06	0.94
31	1	82.87984219	16.57596844	0	0	1	1.006716708	21.57653592	220	1	1.06	0.94
32	1	58.81875167	11.76375033	0	0	1	1.011887104	22.55382716	220	1	1.06	0.94
33	1	55.96976306	11.19395261	0	0	1	1.012839569	25.09957679	220	1	1.06	0.94
34	1	60.65582529	12.13116506	0	0	1	1.003067622	18.29821876	220	1	1.06	0.94
35	1	54.58624083	10.91724817	0	0	1	1.007867773	19.94253863	220	1	1.06	0.94
36	1	57.18558562	11.43711712	0	0	1	1.004579965	17.64051318	220	1	1.06	0.94
37	1	116.2616777	23.25233555	0	0	1	1.002091223	10.91749406	220	1	1.06	0.94
38	1	149.9097793	29.98195585	0	0	1	1.003050554	11.25238006	220	1	1.06	0.94
39	1	227.869542	45.5739084	0	0	1	1.004633783	9.932686756	220	1	1.06	0.94
40	1	69.80307971	13.96061594	0	0	1	1.001387863	9.272103163	220	1	1.06	0.94
41	1	39.6933672	7.938673441	0	0	1	1.018768871	14.31034497	220	1	1.06	0.94
42	1	109.6431841	21.92863682	0	0	1	0.989977082	10.57590014	220	1	1.06	0.94
43	1	100.3348466	20.06696932	0	0	1	1.004122168	15.76161166	220	1	1.06	0.94
44	1	41.30209412	8.260418824	0	0	1	1.007437027	15.18574097	220	1	1.06	0.94
45	1	78.682305	15.736461	0	0	1	1.011303451	15.57869647	220	1	1.06	0.94
46	1	128.2845264	25.65690528	0	0	1	1.003554298	16.23294888	220	1	1.06	0.94
47	1	171.0702372	34.21404745	0	0	1	1.011411579	15.80130343	500	1	1.06	0.94
48	1	48.37944756	9.675889513	0	0	1	1.011647466	15.74620981	500	1	1.06	0.94
49	1	27.15400593	5.430801185	0	0	1	1.024440337	15.88141399	220	1	1.06	0.94
50	1	27.61517999	5.523035998	0	0	1	1.018798335	16.66953094	220	1	1.06	0.94
51	3	127.8671829	25.57343658	0	0	1	1.011083087	16.01185361	500	1	1.06	0.94
52	1	49.69627106	9.939254211	0	0	1	1.01037654	15.57311963	220	1	1.06	0.94
53	1	98.54070405	19.70814081	0	0	1	1.004059803	20.19020167	220	1	1.06	0.94
54	1	56.77777054	11.35555411	0	0	1	0.99650662	25.66434626	220	1	1.06	0.94
55	1	324.209188	64.8418376	0	0	1	1.005147869	11.45809489	220	1	1.06	0.94
56	1	105.305861	21.0611722	0	0	1	0.999731765	12.94258182	220	1	1.06	0.94
57	1	235.4827256	47.09654513	0	0	1	0.996415508	13.32186208	220	1	1.06	0.94
58	1	115.5145781	23.10291561	0	0	1	1.000227852	9.086560896	220	1	1.06	0.94
59	1	627.3491999	125.46984	0	0	1	1.004982712	9.779462876	500	1	1.06	0.94
60	1	934.6588351	186.931767	0	0	1	0.957709899	10.51067584	220	1	1.06	0.94
61	1	35.15118368	7.030236735	0	0	1	0.957584528	11.60280749	220	1	1.06	0.94
62	1	346.0444465	69.2088893	0	0	1	0.986511651	10.78253242	220	1	1.06	0.94
63	1	356.9430191	71.38860383	0	0	1	0.992163824	11.78938901	500	1	1.06	0.94
64	1	580.7687123	116.1537425	0	0	1	0.969541732	19.76233792	220	1	1.06	0.94
65	1	261.5085701	52.30171402	0	0	1	0.987761218	12.10107732	220	1	1.06	0.94
66	1	494.6339722	98.92679443	0	0	1	0.996549675	11.37988561	500	1	1.06	0.94
67	1	1342.778837	268.5557674	0	0	1	0.973317485	10.11699086	220	1	1.06	0.94
68	1	63.37903914	12.67580783	0	0	1	0.995672382	12.34199307	220	1	1.06	0.94
69	1	88.77600994	17.75520199	0	0	1	1.014813433	13.57482929	220	1	1.06	0.94
70	1	72.58346391	14.51669278	0	0	1	1.00791052	12.82512358	220	1	1.06	0.94
71	1	39.66859339	7.933718679	0	0	1	1.000577488	13.01327524	220	1	1.06	0.94
72	1	38.71575438	7.743150877	0	0	1	1.004658756	14.88405498	220	1	1.06	0.94
73	1	9.495993507	1.899198701	0	0	1	1.00952079	16.27275185	220	1	1.06	0.94
74	1	48.25557848	9.651115696	0	0	1	1.021883498	17.33586384	220	1	1.06	0.94
75	1	10.86236464	2.172472928	0	0	1	1.038086027	18.70211801	220	1	1.06	0.94
76	1	211.3320682	42.26641365	0	0	1	1.035230887	16.99860579	500	1	1.06	0.94
77	1	96.51115698	19.3022314	0	0	1	1.013545071	13.21244393	500	1	1.06	0.94
78	1	133.7976529	26.75953057	0	0	1	1.020799001	13.79582861	500	1	1.06	0.94
79	1	392.0303625	78.40607251	0	0	1	0.999126673	15.42946294	220	1	1.06	0.94
80	1	106.3978145	21.2795629	0	0	1	1.003624039	15.56456265	220	1	1.06	0.94
81	1	35.04541854	7.009083707	0	0	1	1.015851117	14.89842891	220	1	1.06	0.94
82	1	42.7786599	8.555731981	0	0	1	1.004018524	16.78101138	220	1	1.06	0.94
83	1	25.15494969	5.030989938	0	0	1	1.01190068	19.79270363	220	1	1.06	0.94
84	1	208.2467756	41.64935511	0	0	1	0.992146053	12.59829557	220	1	1.06	0.94
85	1	132.1035051	26.42070102	0	0	1	1.005236934	13.25563849	220	1	1.06	0.94
86	1	180.5077264	36.10154529	0	0	1	1.002168938	14.66621045	220	1	1.06	0.94
87	1	14.38596327	2.877192655	0	0	1	1.001196408	15.80886222	500	1	1.06	0.94
88	1	13.5341252	2.706825041	0	0	1	1.012734509	15.7477232	220	1	1.06	0.94
89	1	11.9657522	2.393150441	0	0	1	1.014206101	15.5448269	220	1	1.06	0.94
90	1	93.42014724	18.68402945	0	0	1	1.001918867	11.70095139	220	1	1.06	0.94
91	1	48.8692068	9.77384136	0	0	1	0.997088445	13.2637266	220	1	1.06	0.94
92	1	26.85672014	5.371344029	0	0	1	1.017222485	15.37674212	220	1	1.06	0.94
93	1	39.35796788	7.871593575	0	0	1	1.015305031	15.06234141	220	1	1.06	0.94
94	1	63.03030008	12.60606002	0	0	1	1.019228597	15.34423539	220	1	1.06	0.94
95	1	554.1387678	110.8277536	0	0	1	1.009700501	10.82287646	500	1	1.06	0.94
96	1	30.71190675	6.14238135	0	0	1	1.005039736	11.89885752	220	1	1.06	0.94
97	1	39.23791016	7.847582032	0	0	1	1.000129058	10.98371536	220	1	1.06	0.94
98	1	63.94121417	12.78824283	0	0	1	1.0037988	10.95926757	220	1	1.06	0.94
99	1	23.48367008	4.696734016	0	0	1	1.022773837	13.68943821	500	1	1.06	0.94
100	1	50.34991861	10.06998372	0	0	1	1.001943031	11.64502906	220	1	1.06	0.94
